name arrivalTime executionTime cpu
t0 4 10 2
t1 14 10 4
t2 7 5 9
t3 7 8 4
t4 5 6 4
t5 14 5 2
t6 5 5 7
t7 10 10 7
t8 1 6 6
t9 19 5 3
t10 18 10 10
t11 17 10 7
t12 13 10 3
t13 10 8 4
t14 13 9 2
t15 18 9 2
t16 3 6 6
t17 16 6 6
t18 13 8 7
t19 1 9 4
t20 6 5 7
t21 11 5 8
t22 10 8 8
t23 19 10 5
t24 4 7 10
t25 4 9 2
t26 11 5 5
t27 18 8 2
t28 15 10 8
t29 4 10 4
t30 11 5 6
t31 14 5 7
t32 15 7 1
t33 8 9 8
t34 6 6 6
t35 4 9 3
t36 5 7 5
t37 2 10 2
t38 15 6 3
t39 13 7 4
t40 19 5 9
t41 19 9 8
t42 16 10 5
t43 3 6 8
t44 9 9 5
t45 10 10 5
t46 10 10 1
t47 1 6 10
t48 9 8 5
t49 14 10 10
t50 6 9 1
t51 17 10 2
t52 4 8 8
t53 2 7 3
t54 14 10 7
t55 14 9 8
t56 11 5 5
t57 13 10 10
t58 5 7 6
t59 8 6 7
t60 2 7 5
t61 14 10 1
t62 13 5 4
t63 12 5 6
t64 6 10 4
t65 17 7 4
t66 14 9 1
t67 1 9 4
t68 6 10 8
t69 8 7 9
t70 10 9 9
t71 0 5 10
t72 10 8 1
t73 10 10 4
t74 6 10 2
t75 11 5 6
t76 11 6 4
t77 15 7 6
t78 17 7 9
t79 6 9 10
t80 2 10 10
t81 4 5 3
t82 9 8 5
t83 16 6 10
t84 8 8 9
t85 2 8 10
t86 12 9 8
t87 8 5 6
t88 12 7 6
t89 12 7 2
t90 9 10 4
t91 2 7 4
t92 12 10 2
t93 12 10 10
t94 5 8 1
t95 9 5 7
t96 2 7 10
t97 3 8 2
t98 18 10 2
t99 1 9 5
t100 0 10 4
t101 17 7 2
t102 5 7 2
t103 2 8 5
t104 6 6 6
t105 9 5 2
t106 4 5 2
t107 2 9 5
t108 9 9 9
t109 15 10 3
t110 6 6 5
t111 2 5 7
t112 7 5 1
t113 16 7 4
t114 5 6 9
t115 9 6 1
t116 17 7 8
t117 13 8 5
t118 3 8 8
t119 17 10 8
t120 1 8 2
t121 13 10 8
t122 18 9 2
t123 18 9 3
t124 0 6 9
t125 5 7 9
t126 1 7 9
t127 5 7 6
t128 9 10 3
t129 14 6 9
t130 7 5 9
t131 16 8 3
t132 9 10 9
t133 13 8 9
t134 5 6 7
t135 4 6 9
t136 18 7 6
t137 16 6 4
t138 17 6 8
t139 3 9 1
t140 16 7 9
t141 3 8 9
t142 14 5 7
t143 12 10 6
t144 16 8 6
t145 17 6 6
t146 4 9 3
t147 16 6 3
t148 15 8 8
t149 0 5 6
t150 7 9 6
t151 0 7 3
t152 15 7 9
t153 15 9 2
t154 13 5 3
t155 12 10 3
t156 0 5 8
t157 7 8 4
t158 19 8 1
t159 19 5 6
t160 16 5 1
t161 5 5 7
t162 1 5 5
t163 14 10 6
t164 16 10 3
t165 15 6 3
t166 12 10 9
t167 6 9 2
t168 14 6 10
t169 1 10 5
t170 19 7 2
t171 14 8 10
t172 18 6 5
t173 1 10 5
t174 13 6 4
t175 16 7 2
t176 3 8 4
t177 17 5 2
t178 5 10 10
t179 19 6 1
t180 12 8 7
t181 13 5 3
t182 2 6 8
t183 17 10 10
t184 10 8 10
t185 13 5 6
t186 2 9 9
t187 3 9 5
t188 7 9 5
t189 4 10 4
t190 9 6 7
t191 11 7 2
t192 10 8 5
t193 5 7 6
t194 10 10 10
t195 2 7 10
t196 1 8 9
t197 9 6 9
t198 0 6 3
t199 5 7 7
t200 15 5 1
t201 13 5 4
t202 5 9 8
t203 4 6 8
t204 15 5 10
t205 17 10 3
t206 7 8 1
t207 9 5 5
t208 14 7 8
t209 10 6 5
t210 3 8 3
t211 10 6 8
t212 16 10 10
t213 3 8 6
t214 14 8 5
t215 18 8 10
t216 3 5 5
t217 1 7 2
t218 7 10 6
t219 11 10 5
t220 0 9 5
t221 7 7 9
t222 7 5 10
t223 4 7 1
t224 10 9 9
t225 7 9 6
t226 3 6 5
t227 5 9 10
t228 2 9 10
t229 19 10 3
t230 19 10 5
t231 14 5 3
t232 13 7 10
t233 6 6 3
t234 15 7 5
t235 18 9 7
t236 9 6 8
t237 4 5 3
t238 1 5 6
t239 7 10 2
t240 2 8 8
t241 2 10 6
t242 0 5 10
t243 8 5 3
t244 15 7 8
t245 6 5 6
t246 1 5 10
t247 5 8 7
t248 10 10 4
t249 12 8 4
t250 9 10 2
t251 19 8 6
t252 14 10 7
t253 1 5 3
t254 13 9 10
t255 19 5 2
t256 8 10 6
t257 2 8 4
t258 8 9 10
t259 3 5 5
t260 2 6 7
t261 0 8 10
t262 10 5 2
t263 4 8 2
t264 8 9 7
t265 4 6 9
t266 1 5 4
t267 6 6 8
t268 4 9 5
t269 1 9 4
t270 13 7 3
t271 0 7 1
t272 0 6 1
t273 5 7 1
t274 6 5 9
t275 1 5 7
t276 18 5 8
t277 0 6 1
t278 7 8 9
t279 18 9 4
t280 15 9 8
t281 11 10 5
t282 15 5 5
t283 0 5 1
t284 14 6 6
t285 18 8 5
t286 16 10 9
t287 11 8 8
t288 18 9 3
t289 19 10 3
t290 8 5 7
t291 14 8 5
t292 17 7 3
t293 12 10 7
t294 19 10 8
t295 5 5 4
t296 2 7 4
t297 1 5 5
t298 11 6 3
t299 12 9 1
t300 2 10 1
t301 0 9 6
t302 9 6 7
t303 13 10 10
t304 1 10 3
t305 7 6 4
t306 10 9 8
t307 13 8 5
t308 12 8 8
t309 6 6 5
t310 1 9 5
t311 17 7 7
t312 4 7 1
t313 12 5 2
t314 17 6 1
t315 13 7 5
t316 10 5 7
t317 7 8 6
t318 8 10 1
t319 9 7 7
t320 10 8 7
t321 16 7 10
t322 5 6 2
t323 9 7 7
t324 15 9 10
t325 12 7 4
t326 1 10 7
t327 17 7 10
t328 2 10 3
t329 4 9 4
t330 19 5 3
t331 4 10 9
t332 19 10 2
t333 7 7 8
t334 19 6 4
t335 0 8 4
t336 16 10 1
t337 18 10 2
t338 18 7 6
t339 13 7 3
t340 6 10 9
t341 2 6 10
t342 14 7 1
t343 4 10 6
t344 6 8 6
t345 2 10 9
t346 19 9 6
t347 16 10 9
t348 10 9 10
t349 1 9 4
t350 19 10 8
t351 10 5 5
t352 6 8 9
t353 2 5 10
t354 4 5 9
t355 1 7 3
t356 19 8 3
t357 10 6 8
t358 8 10 6
t359 18 8 2
t360 7 10 10
t361 10 5 6
t362 3 10 4
t363 16 8 3
t364 16 7 6
t365 18 7 8
t366 4 8 10
t367 2 6 3
t368 0 9 5
t369 4 5 8
t370 8 10 8
t371 15 7 8
t372 5 5 10
t373 19 8 5
t374 19 8 7
t375 10 7 4
t376 1 7 5
t377 17 6 8
t378 5 7 10
t379 2 10 5
t380 19 5 5
t381 14 5 10
t382 18 5 1
t383 7 7 9
t384 17 10 1
t385 7 5 5
t386 10 10 5
t387 3 7 2
t388 8 8 1
t389 19 6 3
t390 17 10 6
t391 12 7 8
t392 17 10 3
t393 10 10 7
t394 9 9 3
t395 3 5 6
t396 14 8 10
t397 11 5 5
t398 6 9 7
t399 9 5 2
t400 3 9 5
t401 3 9 8
t402 8 8 8
t403 4 5 1
t404 0 5 5
t405 18 8 5
t406 6 8 5
t407 14 5 8
t408 5 7 6
t409 1 8 9
t410 12 10 1
t411 9 7 4
t412 18 7 4
t413 3 7 1
t414 18 10 9
t415 2 10 8
t416 2 10 2
t417 4 8 3
t418 16 6 10
t419 15 8 7
t420 5 6 7
t421 4 10 8
t422 11 7 8
t423 13 5 9
t424 12 10 8
t425 8 6 3
t426 9 6 7
t427 17 6 6
t428 5 6 10
t429 10 5 5
t430 14 7 9
t431 6 9 10
t432 3 5 7
t433 13 9 4
t434 16 7 7
t435 16 6 4
t436 12 6 1
t437 11 10 6
t438 0 10 5
t439 11 7 4
t440 0 7 8
t441 11 5 7
t442 6 6 8
t443 10 6 8
t444 16 8 2
t445 19 10 1
t446 10 6 9
t447 15 7 1
t448 16 9 7
t449 19 10 1
t450 12 9 9
t451 4 8 1
t452 8 10 8
t453 12 9 8
t454 1 7 6
t455 16 6 7
t456 14 5 8
t457 12 5 7
t458 15 10 9
t459 12 6 7
t460 0 8 9
t461 1 5 2
t462 6 7 5
t463 0 7 1
t464 15 10 8
t465 7 9 7
t466 0 7 8
t467 8 5 7
t468 4 8 1
t469 10 6 1
t470 1 10 1
t471 2 10 4
t472 15 5 5
t473 17 7 2
t474 14 9 7
t475 19 6 2
t476 19 7 7
t477 10 5 4
t478 4 5 9
t479 13 7 5
t480 5 5 3
t481 17 10 8
t482 2 5 6
t483 9 8 1
t484 14 6 9
t485 16 5 7
t486 12 9 3
t487 0 5 2
t488 9 5 6
t489 7 7 7
t490 9 8 4
t491 5 6 4
t492 7 6 8
t493 8 9 5
t494 18 6 2
t495 13 7 1
t496 2 9 8
t497 10 5 3
t498 16 8 10
t499 14 6 10
t500 8 8 4
t501 14 8 7
t502 1 7 1
t503 2 8 7
t504 4 10 5
t505 2 6 8
t506 19 8 4
t507 2 7 1
t508 7 8 9
t509 9 6 5
t510 3 7 1
t511 8 7 3
t512 9 9 7
t513 0 5 4
t514 3 7 2
t515 2 9 6
t516 16 9 7
t517 2 5 9
t518 9 5 10
t519 13 6 3
t520 12 9 1
t521 14 8 5
t522 18 7 6
t523 12 7 6
t524 18 7 4
t525 11 10 8
t526 2 9 1
t527 15 9 7
t528 5 6 6
t529 11 7 8
t530 12 8 5
t531 17 10 7
t532 0 10 7
t533 10 8 4
t534 15 6 7
t535 14 5 3
t536 12 10 8
t537 3 9 9
t538 16 10 4
t539 7 6 10
t540 11 5 9
t541 18 5 7
t542 17 9 8
t543 4 10 8
t544 11 6 5
t545 12 10 10
t546 7 7 4
t547 15 8 7
t548 6 9 1
t549 14 8 5
t550 6 10 4
t551 14 8 7
t552 17 6 4
t553 6 6 1
t554 6 5 2
t555 14 8 7
t556 11 10 7
t557 8 10 6
t558 8 7 7
t559 5 10 6
t560 7 7 7
t561 4 9 2
t562 1 9 3
t563 11 5 2
t564 11 7 5
t565 7 8 8
t566 11 7 1
t567 12 8 2
t568 2 6 5
t569 2 10 1
t570 16 6 10
t571 18 5 10
t572 15 9 1
t573 10 8 6
t574 18 10 1
t575 9 7 9
t576 17 8 2
t577 6 7 4
t578 15 5 7
t579 19 6 2
t580 13 9 7
t581 2 7 8
t582 12 6 5
t583 12 6 8
t584 12 10 8
t585 16 5 7
t586 9 8 6
t587 6 5 9
t588 16 7 4
t589 11 6 6
t590 5 6 2
t591 9 9 6
t592 14 9 8
t593 10 5 1
t594 18 10 1
t595 7 10 1
t596 13 6 1
t597 11 9 9
t598 13 9 1
t599 8 9 5
t600 13 5 9
t601 2 6 3
t602 11 10 4
t603 16 5 7
t604 0 5 2
t605 16 6 3
t606 13 6 3
t607 6 6 8
t608 10 10 2
t609 14 7 7
t610 7 5 10
t611 17 8 5
t612 5 6 8
t613 0 7 10
t614 10 8 8
t615 19 8 3
t616 9 7 8
t617 9 10 4
t618 0 7 10
t619 13 5 1
t620 2 8 1
t621 15 8 1
t622 13 7 3
t623 1 10 1
t624 8 9 10
t625 13 8 1
t626 3 5 2
t627 9 5 8
t628 6 5 3
t629 5 10 9
t630 11 10 7
t631 1 6 1
t632 13 10 7
t633 10 8 7
t634 19 6 9
t635 13 9 9
t636 6 8 7
t637 4 8 7
t638 7 6 8
t639 14 7 7
t640 4 9 4
t641 7 7 7
t642 15 9 6
t643 8 7 2
t644 10 8 1
t645 0 8 1
t646 2 6 4
t647 16 5 9
t648 16 10 8
t649 11 8 10
t650 13 10 3
t651 17 6 3
t652 16 7 6
t653 17 9 7
t654 1 10 8
t655 6 5 8
t656 15 8 6
t657 9 5 10
t658 8 8 7
t659 1 8 4
t660 0 5 4
t661 1 5 6
t662 2 6 7
t663 9 7 4
t664 12 8 9
t665 4 8 5
t666 5 10 3
t667 11 10 5
t668 16 8 3
t669 10 10 2
t670 17 10 5
t671 2 10 10
t672 2 10 2
t673 3 5 2
t674 18 5 10
t675 1 9 3
t676 7 6 4
t677 11 9 7
t678 16 9 7
t679 18 9 4
t680 1 7 7
t681 15 5 1
t682 12 6 9
t683 13 8 1
t684 17 5 3
t685 0 5 5
t686 11 8 8
t687 13 5 8
t688 6 9 2
t689 17 6 3
t690 15 8 10
t691 16 7 3
t692 15 7 10
t693 0 10 8
t694 2 6 1
t695 11 7 5
t696 5 8 7
t697 3 5 2
t698 16 9 1
t699 16 8 5
t700 12 8 2
t701 1 8 1
t702 11 6 9
t703 15 7 8
t704 8 9 8
t705 0 7 7
t706 16 7 6
t707 19 9 4
t708 8 5 1
t709 6 10 5
t710 10 6 5
t711 0 8 6
t712 5 8 10
t713 10 8 9
t714 5 7 5
t715 15 5 8
t716 16 7 6
t717 8 5 9
t718 16 9 5
t719 5 9 1
t720 10 5 10
t721 7 6 4
t722 15 5 6
t723 2 9 5
t724 13 5 2
t725 12 10 7
t726 13 7 2
t727 11 8 3
t728 8 10 2
t729 8 5 8
t730 3 6 8
t731 0 5 9
t732 9 7 6
t733 11 10 1
t734 1 5 6
t735 12 9 8
t736 5 6 1
t737 15 5 10
t738 11 10 6
t739 7 5 6
t740 10 5 8
t741 16 10 2
t742 6 5 10
t743 2 6 9
t744 19 8 5
t745 9 8 3
t746 13 7 5
t747 19 8 5
t748 3 8 7
t749 10 9 8
t750 8 10 7
t751 8 8 9
t752 12 5 7
t753 3 5 3
t754 8 5 4
t755 1 8 9
t756 10 10 5
t757 19 6 2
t758 16 10 10
t759 5 6 9
t760 11 7 6
t761 2 8 6
t762 10 7 9
t763 11 9 9
t764 6 6 3
t765 14 8 3
t766 17 10 9
t767 12 6 7
t768 4 9 10
t769 14 7 1
t770 7 5 5
t771 10 6 10
t772 11 7 6
t773 11 5 9
t774 11 7 7
t775 6 9 1
t776 5 10 8
t777 11 8 1
t778 3 8 8
t779 9 7 6
t780 10 9 10
t781 5 10 7
t782 15 5 7
t783 6 7 8
t784 1 10 10
t785 15 6 1
t786 2 8 2
t787 12 6 7
t788 19 7 3
t789 17 7 5
t790 6 5 5
t791 9 8 2
t792 1 8 7
t793 18 7 10
t794 13 9 5
t795 7 10 3
t796 4 8 3
t797 13 8 1
t798 15 7 1
t799 19 9 4
t800 10 10 3
t801 0 5 3
t802 13 8 9
t803 11 6 5
t804 7 8 1
t805 11 9 7
t806 13 8 2
t807 4 8 6
t808 16 6 9
t809 16 5 4
t810 4 6 9
t811 0 8 10
t812 12 6 7
t813 4 10 8
t814 8 6 5
t815 18 6 6
t816 18 9 2
t817 2 9 6
t818 4 7 2
t819 14 6 7
t820 10 10 9
t821 8 9 3
t822 16 5 5
t823 14 5 1
t824 19 5 10
t825 6 8 1
t826 15 8 3
t827 13 9 10
t828 18 7 6
t829 5 6 8
t830 12 9 7
t831 0 9 10
t832 9 7 5
t833 6 8 5
t834 9 5 9
t835 0 9 6
t836 7 10 6
t837 2 10 10
t838 19 9 3
t839 13 7 10
t840 2 8 5
t841 18 10 2
t842 10 8 2
t843 11 6 5
t844 10 10 7
t845 15 9 3
t846 11 8 4
t847 16 8 9
t848 10 10 8
t849 16 5 3
t850 13 7 5
t851 13 10 6
t852 19 10 7
t853 7 8 6
t854 16 9 7
t855 8 10 7
t856 11 6 8
t857 7 10 7
t858 8 10 9
t859 1 7 5
t860 8 10 8
t861 2 9 2
t862 13 6 3
t863 19 10 10
t864 8 8 9
t865 1 5 3
t866 5 9 5
t867 11 10 8
t868 16 10 10
t869 12 5 2
t870 12 5 3
t871 0 10 3
t872 2 10 4
t873 9 10 7
t874 13 7 3
t875 19 7 7
t876 15 9 5
t877 14 10 9
t878 3 7 10
t879 11 10 4
t880 5 10 5
t881 6 5 6
t882 11 9 6
t883 19 7 9
t884 3 10 4
t885 7 7 4
t886 2 9 2
t887 2 10 10
t888 8 10 9
t889 5 9 4
t890 2 7 8
t891 17 10 2
t892 3 9 10
t893 0 5 7
t894 18 7 8
t895 5 10 7
t896 2 6 5
t897 9 7 9
t898 7 5 6
t899 12 9 1
t900 11 8 8
t901 3 8 9
t902 10 7 9
t903 8 6 6
t904 4 9 7
t905 8 6 6
t906 1 10 8
t907 7 8 9
t908 16 7 2
t909 5 5 10
t910 9 8 10
t911 16 7 3
t912 11 10 8
t913 19 8 3
t914 10 5 4
t915 10 10 4
t916 6 5 3
t917 2 10 10
t918 15 7 6
t919 6 6 4
t920 16 9 10
t921 3 8 4
t922 11 7 10
t923 13 5 7
t924 9 5 5
t925 18 9 9
t926 5 10 3
t927 0 7 2
t928 18 7 6
t929 13 9 8
t930 11 7 4
t931 15 9 4
t932 2 5 5
t933 1 9 7
t934 9 10 2
t935 8 5 8
t936 7 7 8
t937 15 6 10
t938 7 5 1
t939 9 5 2
t940 7 6 7
t941 0 6 6
t942 2 7 5
t943 2 6 5
t944 17 7 9
t945 15 8 8
t946 9 5 9
t947 15 7 3
t948 9 6 3
t949 10 8 2
t950 11 5 6
t951 8 6 8
t952 4 7 8
t953 15 5 7
t954 9 9 5
t955 13 5 8
t956 18 6 8
t957 18 5 1
t958 5 5 5
t959 8 9 9
t960 12 5 1
t961 12 6 1
t962 14 8 2
t963 14 8 3
t964 7 5 7
t965 15 7 7
t966 7 10 3
t967 18 5 8
t968 8 9 4
t969 17 8 3
t970 18 10 6
t971 0 8 5
t972 3 5 6
t973 17 5 8
t974 9 8 10
t975 18 9 10
t976 4 6 9
t977 9 7 3
t978 5 7 8
t979 2 6 7
t980 12 5 6
t981 16 6 4
t982 7 9 6
t983 6 10 5
t984 2 7 3
t985 2 8 1
t986 3 5 3
t987 2 5 6
t988 12 9 3
t989 18 6 9
t990 4 5 7
t991 4 8 4
t992 8 6 3
t993 3 6 5
t994 8 6 1
t995 10 8 7
t996 1 8 7
t997 18 7 5
t998 9 6 4
t999 0 10 4
t1000 3 9 3
t1001 3 6 5
t1002 2 7 4
t1003 3 7 4
t1004 8 7 7
t1005 15 6 9
t1006 8 7 4
t1007 18 7 6
t1008 11 5 2
t1009 14 7 7
t1010 5 9 3
t1011 3 9 3
t1012 5 6 3
t1013 13 6 5
t1014 16 5 4
t1015 1 10 7
t1016 15 7 1
t1017 0 6 5
t1018 4 10 1
t1019 19 9 10
t1020 15 9 5
t1021 2 8 1
t1022 12 9 10
t1023 12 10 4
t1024 16 6 10
t1025 11 9 8
t1026 8 7 3
t1027 14 5 5
t1028 16 10 3
t1029 13 10 10
t1030 5 8 6
t1031 4 8 4
t1032 6 7 5
t1033 4 5 1
t1034 16 8 1
t1035 19 10 10
t1036 5 7 1
t1037 16 6 10
t1038 16 8 7
t1039 16 7 2
t1040 4 7 10
t1041 18 5 6
t1042 12 10 8
t1043 8 9 2
t1044 19 6 4
t1045 8 10 2
t1046 3 9 4
t1047 7 10 5
t1048 14 6 8
t1049 16 10 5
t1050 11 10 6
t1051 16 5 9
t1052 13 10 4
t1053 16 6 5
t1054 12 5 4
t1055 7 6 8
t1056 0 7 6
t1057 4 7 9
t1058 4 5 2
t1059 0 7 7
t1060 9 8 6
t1061 6 7 3
t1062 12 10 5
t1063 10 8 1
t1064 10 9 4
t1065 1 8 9
t1066 12 5 6
t1067 12 9 5
t1068 16 7 10
t1069 17 9 2
t1070 5 6 3
t1071 3 7 9
t1072 15 9 2
t1073 2 9 6
t1074 4 6 5
t1075 9 6 4
t1076 1 8 8
t1077 18 7 9
t1078 9 8 8
t1079 9 7 5
t1080 2 8 2
t1081 19 7 4
t1082 10 8 2
t1083 15 7 10
t1084 12 9 10
t1085 12 8 3
t1086 8 10 7
t1087 11 10 3
t1088 0 5 9
t1089 13 5 4
t1090 18 10 6
t1091 10 8 8
t1092 1 9 3
t1093 19 10 10
t1094 14 8 2
t1095 12 6 9
t1096 4 6 5
t1097 18 8 6
t1098 4 7 9
t1099 8 6 10
t1100 8 5 4
t1101 0 10 2
t1102 13 7 4
t1103 2 10 6
t1104 6 8 4
t1105 8 7 1
t1106 1 7 5
t1107 14 7 2
t1108 3 9 3
t1109 11 10 3
t1110 0 9 1
t1111 15 7 9
t1112 1 5 1
t1113 10 10 7
t1114 3 8 9
t1115 17 10 6
t1116 3 7 3
t1117 0 5 5
t1118 1 6 1
t1119 7 9 9
t1120 0 5 7
t1121 19 10 3
t1122 6 6 7
t1123 8 5 1
t1124 8 8 7
t1125 12 9 6
t1126 11 9 7
t1127 10 9 3
t1128 6 7 7
t1129 3 7 3
t1130 19 7 5
t1131 15 7 2
t1132 6 6 1
t1133 0 10 8
t1134 13 8 10
t1135 17 5 7
t1136 9 7 6
t1137 1 5 8
t1138 15 8 2
t1139 11 6 1
t1140 6 8 3
t1141 1 5 2
t1142 6 5 10
t1143 0 6 6
t1144 1 8 9
t1145 7 6 9
t1146 14 9 1
t1147 2 5 10
t1148 1 5 5
t1149 2 8 2
t1150 9 7 5
t1151 9 5 1
t1152 6 6 1
t1153 14 8 1
t1154 1 8 1
t1155 7 9 2
t1156 7 9 9
t1157 7 10 5
t1158 14 7 9
t1159 11 6 3
t1160 13 8 10
t1161 11 6 8
t1162 1 7 1
t1163 15 8 2
t1164 0 8 3
t1165 9 9 7
t1166 7 6 3
t1167 12 9 2
t1168 15 5 7
t1169 11 7 6
t1170 11 9 1
t1171 8 7 4
t1172 9 5 10
t1173 5 5 8
t1174 0 7 5
t1175 18 5 9
t1176 4 5 3
t1177 18 10 6
t1178 17 9 9
t1179 17 9 1
t1180 2 8 7
t1181 9 8 4
t1182 1 8 5
t1183 19 6 1
t1184 11 6 10
t1185 7 10 6
t1186 8 9 10
t1187 16 8 10
t1188 15 6 10
t1189 1 7 1
t1190 10 10 5
t1191 4 5 6
t1192 15 6 1
t1193 1 6 1
t1194 18 6 2
t1195 1 9 7
t1196 17 10 5
t1197 9 5 2
t1198 16 9 2
t1199 1 5 8
t1200 6 9 9
t1201 19 9 5
t1202 19 9 4
t1203 0 9 9
t1204 0 9 3
t1205 14 10 1
t1206 11 5 8
t1207 10 7 7
t1208 10 10 9
t1209 3 9 8
t1210 4 9 6
t1211 0 9 8
t1212 14 5 5
t1213 14 8 6
t1214 11 8 3
t1215 15 6 1
t1216 5 6 4
t1217 19 9 10
t1218 3 8 3
t1219 5 7 5
t1220 6 6 3
t1221 9 9 2
t1222 19 10 7
t1223 2 7 3
t1224 11 5 2
t1225 8 9 6
t1226 19 9 9
t1227 0 7 1
t1228 13 9 5
t1229 5 9 7
t1230 19 9 5
t1231 16 5 5
t1232 15 8 10
t1233 10 7 4
t1234 6 9 6
t1235 4 6 2
t1236 6 7 4
t1237 14 10 9
t1238 13 9 5
t1239 16 10 4
t1240 13 7 4
t1241 13 5 3
t1242 19 10 3
t1243 18 10 6
t1244 12 9 9
t1245 19 8 2
t1246 1 8 3
t1247 16 10 2
t1248 8 9 4
t1249 13 6 2
t1250 3 6 7
t1251 12 9 6
t1252 13 7 1
t1253 7 10 6
t1254 8 7 10
t1255 7 6 7
t1256 16 8 3
t1257 8 7 8
t1258 0 10 1
t1259 15 7 9
t1260 18 10 2
t1261 10 10 10
t1262 2 6 6
t1263 3 5 10
t1264 1 8 1
t1265 17 6 8
t1266 10 5 4
t1267 7 7 8
t1268 5 6 1
t1269 2 8 3
t1270 7 7 10
t1271 0 8 10
t1272 1 6 2
t1273 14 7 8
t1274 8 6 3
t1275 19 5 6
t1276 7 8 7
t1277 4 5 7
t1278 5 9 7
t1279 19 5 8
t1280 6 7 2
t1281 9 10 10
t1282 8 10 5
t1283 12 5 5
t1284 19 7 5
t1285 19 9 4
t1286 10 5 6
t1287 17 10 1
t1288 19 9 3
t1289 16 5 5
t1290 7 6 10
t1291 10 7 5
t1292 10 6 6
t1293 4 8 4
t1294 7 7 5
t1295 10 10 9
t1296 15 8 8
t1297 16 7 1
t1298 13 10 10
t1299 3 7 10
t1300 17 6 1
t1301 6 6 6
t1302 10 5 8
t1303 0 10 5
t1304 11 10 3
t1305 7 10 1
t1306 0 8 5
t1307 2 8 7
t1308 4 5 4
t1309 18 9 5
t1310 1 7 8
t1311 19 10 3
t1312 11 8 2
t1313 16 10 5
t1314 17 10 4
t1315 9 7 3
t1316 2 8 10
t1317 7 9 8
t1318 18 9 2
t1319 8 10 4
t1320 18 9 7
t1321 3 9 1
t1322 16 5 2
t1323 9 9 4
t1324 4 8 1
t1325 7 5 8
t1326 9 7 1
t1327 11 8 5
t1328 17 9 4
t1329 7 9 3
t1330 0 7 4
t1331 6 8 10
t1332 15 5 10
t1333 5 9 3
t1334 13 10 6
t1335 10 7 7
t1336 6 7 8
t1337 7 6 9
t1338 17 10 1
t1339 3 9 9
t1340 7 6 2
t1341 16 5 2
t1342 18 9 1
t1343 16 8 9
t1344 5 6 1
t1345 19 5 8
t1346 1 8 10
t1347 7 8 6
t1348 11 7 2
t1349 18 9 5
t1350 3 5 1
t1351 9 9 1
t1352 9 9 10
t1353 2 5 9
t1354 6 7 10
t1355 2 8 4
t1356 2 9 10
t1357 15 6 10
t1358 19 6 8
t1359 13 6 2
t1360 15 6 3
t1361 5 8 3
t1362 18 10 4
t1363 1 5 10
t1364 2 8 3
t1365 12 5 8
t1366 4 6 8
t1367 6 9 8
t1368 12 9 10
t1369 5 5 9
t1370 10 5 6
t1371 17 5 10
t1372 6 6 5
t1373 6 8 5
t1374 11 7 6
t1375 5 9 8
t1376 0 5 3
t1377 8 7 3
t1378 18 9 5
t1379 6 6 2
t1380 2 8 6
t1381 2 7 9
t1382 19 10 1
t1383 16 5 5
t1384 14 9 2
t1385 7 9 4
t1386 3 5 10
t1387 17 8 6
t1388 17 6 3
t1389 3 7 6
t1390 5 6 10
t1391 15 9 6
t1392 3 7 1
t1393 17 5 1
t1394 2 9 2
t1395 9 7 2
t1396 15 10 5
t1397 2 7 4
t1398 3 9 8
t1399 1 10 2
t1400 13 7 6
t1401 13 7 8
t1402 6 9 1
t1403 6 7 4
t1404 4 8 1
t1405 10 7 9
t1406 13 5 10
t1407 12 10 5
t1408 0 6 4
t1409 7 5 10
t1410 6 6 7
t1411 16 8 1
t1412 14 6 7
t1413 15 5 9
t1414 11 9 5
t1415 18 5 4
t1416 6 8 6
t1417 4 5 10
t1418 1 9 6
t1419 8 10 3
t1420 7 10 2
t1421 10 6 2
t1422 13 8 5
t1423 7 9 1
t1424 3 8 4
t1425 15 6 7
t1426 15 8 10
t1427 9 7 9
t1428 12 8 6
t1429 5 5 9
t1430 5 10 3
t1431 18 6 9
t1432 2 5 3
t1433 17 6 5
t1434 10 10 2
t1435 15 7 1
t1436 19 8 6
t1437 7 8 2
t1438 13 9 2
t1439 15 7 2
t1440 3 10 1
t1441 17 10 7
t1442 14 10 5
t1443 4 8 4
t1444 14 7 2
t1445 4 10 9
t1446 1 9 4
t1447 17 7 9
t1448 3 8 6
t1449 10 9 1
t1450 18 7 2
t1451 6 5 10
t1452 3 6 4
t1453 8 6 2
t1454 10 6 7
t1455 2 9 3
t1456 10 9 5
t1457 7 5 7
t1458 10 9 6
t1459 16 9 9
t1460 8 10 1
t1461 4 10 3
t1462 1 9 8
t1463 10 6 9
t1464 9 10 9
t1465 16 8 1
t1466 19 9 4
t1467 12 7 2
t1468 11 8 6
t1469 1 8 3
t1470 8 9 10
t1471 15 8 10
t1472 5 5 8
t1473 0 10 4
t1474 16 6 2
t1475 5 6 5
t1476 6 10 10
t1477 7 9 3
t1478 2 7 4
t1479 11 7 9
t1480 0 10 4
t1481 4 10 8
t1482 0 6 6
t1483 4 9 10
t1484 0 7 4
t1485 1 7 3
t1486 13 6 10
t1487 6 10 3
t1488 8 5 2
t1489 5 10 6
t1490 12 6 7
t1491 2 10 5
t1492 10 7 1
t1493 14 7 6
t1494 3 10 5
t1495 3 5 7
t1496 14 9 6
t1497 11 8 4
t1498 12 7 1
t1499 19 10 3
t1500 13 7 8
t1501 13 8 10
t1502 5 10 4
t1503 9 10 7
t1504 17 7 5
t1505 19 7 8
t1506 1 6 6
t1507 17 7 4
t1508 0 8 3
t1509 14 10 1
t1510 7 7 2
t1511 14 8 9
t1512 0 9 2
t1513 16 10 4
t1514 14 6 9
t1515 9 5 3
t1516 6 10 8
t1517 1 10 8
t1518 8 6 3
t1519 16 10 10
t1520 1 6 6
t1521 7 10 9
t1522 11 8 3
t1523 14 7 6
t1524 12 5 1
t1525 8 8 5
t1526 19 7 8
t1527 9 7 7
t1528 15 8 3
t1529 1 6 7
t1530 11 6 3
t1531 3 7 5
t1532 8 10 5
t1533 5 10 7
t1534 9 10 6
t1535 5 6 5
t1536 10 8 9
t1537 1 9 7
t1538 3 5 1
t1539 11 9 4
t1540 0 10 5
t1541 10 8 3
t1542 2 9 10
t1543 19 5 9
t1544 4 9 1
t1545 4 8 5
t1546 18 5 8
t1547 8 7 7
t1548 10 7 10
t1549 7 5 6
t1550 4 7 5
t1551 8 10 5
t1552 4 8 9
t1553 7 6 4
t1554 14 9 2
t1555 3 8 4
t1556 7 5 8
t1557 9 5 8
t1558 4 9 4
t1559 2 9 6
t1560 12 10 8
t1561 2 6 4
t1562 13 7 9
t1563 3 7 10
t1564 10 8 9
t1565 9 8 1
t1566 10 5 7
t1567 9 8 3
t1568 2 8 10
t1569 9 10 10
t1570 3 7 1
t1571 18 8 3
t1572 11 5 8
t1573 6 9 3
t1574 13 6 10
t1575 5 6 6
t1576 14 5 3
t1577 9 10 5
t1578 17 9 5
t1579 9 6 6
t1580 6 10 5
t1581 14 5 8
t1582 18 9 2
t1583 15 7 8
t1584 15 6 7
t1585 7 10 9
t1586 18 10 5
t1587 8 9 5
t1588 15 7 7
t1589 8 9 5
t1590 17 6 4
t1591 3 7 4
t1592 7 9 10
t1593 1 8 6
t1594 8 7 1
t1595 12 9 5
t1596 0 5 4
t1597 7 5 6
t1598 17 6 10
t1599 11 5 7
t1600 5 5 1
t1601 19 8 10
t1602 9 10 4
t1603 19 9 5
t1604 12 10 5
t1605 7 10 4
t1606 8 8 1
t1607 10 8 9
t1608 13 10 7
t1609 5 10 3
t1610 15 7 3
t1611 4 5 6
t1612 1 9 8
t1613 13 10 8
t1614 1 6 4
t1615 7 5 9
t1616 4 6 8
t1617 9 8 6
t1618 0 10 1
t1619 19 9 5
t1620 13 8 10
t1621 13 8 5
t1622 15 6 9
t1623 1 7 1
t1624 12 10 7
t1625 10 7 1
t1626 6 9 7
t1627 0 10 10
t1628 11 5 4
t1629 1 8 1
t1630 14 10 7
t1631 5 7 7
t1632 8 10 10
t1633 13 5 4
t1634 13 8 6
t1635 8 8 9
t1636 8 5 8
t1637 18 5 6
t1638 10 6 6
t1639 15 10 1
t1640 15 5 2
t1641 18 10 5
t1642 2 7 8
t1643 9 9 7
t1644 1 9 8
t1645 19 8 4
t1646 4 7 10
t1647 8 10 2
t1648 1 5 2
t1649 2 10 6
t1650 12 8 4
t1651 19 7 2
t1652 13 9 4
t1653 16 5 10
t1654 8 7 1
t1655 10 5 1
t1656 0 7 1
t1657 19 9 4
t1658 9 9 7
t1659 12 8 9
t1660 7 8 6
t1661 5 9 4
t1662 17 6 4
t1663 8 6 8
t1664 12 8 2
t1665 10 9 6
t1666 14 9 10
t1667 7 6 7
t1668 6 7 7
t1669 14 10 1
t1670 11 5 9
t1671 10 9 5
t1672 18 8 10
t1673 16 9 2
t1674 9 5 7
t1675 3 7 4
t1676 10 8 4
t1677 16 8 2
t1678 11 9 2
t1679 17 5 9
t1680 0 10 4
t1681 13 6 2
t1682 4 9 8
t1683 9 7 3
t1684 2 6 5
t1685 2 5 3
t1686 18 8 7
t1687 5 7 8
t1688 1 9 8
t1689 0 9 1
t1690 2 9 7
t1691 9 6 9
t1692 14 6 5
t1693 2 9 6
t1694 16 8 2
t1695 15 7 7
t1696 13 6 8
t1697 4 10 8
t1698 5 8 7
t1699 9 7 2
t1700 13 5 10
t1701 16 10 2
t1702 5 10 6
t1703 0 6 6
t1704 9 9 3
t1705 2 6 8
t1706 5 10 3
t1707 10 5 5
t1708 12 7 9
t1709 7 9 3
t1710 14 7 3
t1711 0 6 3
t1712 1 7 8
t1713 6 9 9
t1714 4 8 9
t1715 0 9 3
t1716 1 10 3
t1717 7 10 6
t1718 18 6 8
t1719 10 6 3
t1720 2 5 7
t1721 14 5 9
t1722 6 6 9
t1723 1 5 1
t1724 7 10 2
t1725 10 10 6
t1726 6 7 10
t1727 0 9 4
t1728 14 7 1
t1729 6 8 4
t1730 0 7 8
t1731 0 6 3
t1732 4 10 4
t1733 15 10 3
t1734 9 10 5
t1735 12 5 5
t1736 17 10 2
t1737 12 10 1
t1738 13 6 1
t1739 8 10 4
t1740 9 9 5
t1741 10 7 4
t1742 5 10 4
t1743 6 7 9
t1744 16 9 3
t1745 13 9 1
t1746 6 9 7
t1747 9 8 6
t1748 7 8 8
t1749 6 8 6
t1750 7 7 1
t1751 14 8 4
t1752 5 10 3
t1753 3 8 6
t1754 17 8 6
t1755 0 7 5
t1756 3 5 5
t1757 15 10 5
t1758 5 6 9
t1759 0 8 10
t1760 7 10 4
t1761 1 9 4
t1762 14 7 2
t1763 9 8 3
t1764 1 9 4
t1765 0 7 1
t1766 10 8 5
t1767 9 7 7
t1768 2 7 5
t1769 14 5 8
t1770 4 7 9
t1771 4 10 3
t1772 0 9 10
t1773 9 10 2
t1774 19 9 5
t1775 4 6 4
t1776 16 7 10
t1777 1 6 9
t1778 7 6 10
t1779 17 6 10
t1780 7 5 7
t1781 6 8 9
t1782 1 7 8
t1783 19 6 8
t1784 16 7 5
t1785 9 5 1
t1786 9 5 3
t1787 15 7 6
t1788 2 7 3
t1789 8 10 6
t1790 10 7 8
t1791 1 7 7
t1792 5 9 6
t1793 16 5 1
t1794 12 6 3
t1795 8 6 2
t1796 15 7 7
t1797 17 7 2
t1798 15 9 6
t1799 11 7 1
t1800 2 6 8
t1801 10 6 9
t1802 9 7 8
t1803 13 8 10
t1804 17 7 7
t1805 0 10 3
t1806 8 7 4
t1807 17 7 3
t1808 15 10 4
t1809 18 6 10
t1810 9 9 2
t1811 12 10 7
t1812 18 10 1
t1813 7 9 6
t1814 13 5 8
t1815 17 6 10
t1816 5 8 5
t1817 15 8 3
t1818 18 10 1
t1819 4 8 4
t1820 2 9 5
t1821 9 9 6
t1822 7 10 7
t1823 6 7 5
t1824 4 6 5
t1825 15 7 9
t1826 14 10 5
t1827 7 5 9
t1828 1 6 4
t1829 5 8 4
t1830 6 10 9
t1831 8 10 10
t1832 5 7 2
t1833 14 6 7
t1834 18 9 4
t1835 11 8 2
t1836 9 7 9
t1837 12 5 2
t1838 10 6 1
t1839 5 8 7
t1840 18 5 8
t1841 10 8 3
t1842 18 9 6
t1843 7 5 4
t1844 3 6 4
t1845 12 10 5
t1846 17 9 9
t1847 6 10 2
t1848 19 5 3
t1849 15 7 6
t1850 2 10 6
t1851 14 7 2
t1852 11 7 10
t1853 10 10 7
t1854 15 6 7
t1855 7 10 6
t1856 17 8 3
t1857 11 5 6
t1858 17 5 1
t1859 17 8 5
t1860 6 10 1
t1861 14 6 10
t1862 16 5 3
t1863 7 6 5
t1864 4 9 4
t1865 4 8 7
t1866 2 6 3
t1867 9 10 4
t1868 3 9 6
t1869 11 9 2
t1870 14 6 9
t1871 19 6 3
t1872 4 5 3
t1873 4 9 6
t1874 0 10 10
t1875 16 9 6
t1876 13 10 4
t1877 0 10 3
t1878 9 9 8
t1879 12 10 9
t1880 9 6 10
t1881 4 7 4
t1882 2 6 1
t1883 7 7 4
t1884 7 10 5
t1885 19 5 10
t1886 1 7 3
t1887 7 9 4
t1888 9 8 5
t1889 19 5 5
t1890 18 9 1
t1891 14 9 5
t1892 12 7 3
t1893 8 5 2
t1894 3 10 2
t1895 5 9 5
t1896 6 6 7
t1897 7 6 5
t1898 16 9 6
t1899 17 8 9
t1900 2 7 1
t1901 6 8 3
t1902 18 6 4
t1903 2 6 3
t1904 0 6 2
t1905 3 10 1
t1906 5 9 7
t1907 2 7 3
t1908 2 6 8
t1909 8 5 2
t1910 19 7 4
t1911 13 8 2
t1912 10 5 9
t1913 0 9 2
t1914 10 6 8
t1915 13 9 5
t1916 3 8 2
t1917 17 7 4
t1918 15 6 7
t1919 5 5 9
t1920 17 7 10
t1921 8 9 10
t1922 6 8 9
t1923 13 8 7
t1924 8 5 7
t1925 18 9 7
t1926 3 6 2
t1927 5 9 2
t1928 8 8 8
t1929 6 6 8
t1930 4 7 2
t1931 0 9 3
t1932 4 7 1
t1933 2 9 5
t1934 18 7 8
t1935 1 9 8
t1936 12 6 9
t1937 2 5 1
t1938 18 10 8
t1939 18 9 4
t1940 14 6 8
t1941 7 5 8
t1942 10 7 1
t1943 6 7 5
t1944 7 6 2
t1945 4 10 6
t1946 15 10 6
t1947 9 6 3
t1948 9 7 4
t1949 3 5 3
t1950 12 6 5
t1951 13 9 4
t1952 8 8 6
t1953 6 10 2
t1954 11 10 5
t1955 19 7 10
t1956 17 6 7
t1957 5 7 6
t1958 4 9 9
t1959 18 10 10
t1960 4 9 5
t1961 13 5 7
t1962 1 5 1
t1963 9 6 8
t1964 8 8 5
t1965 4 7 3
t1966 3 6 5
t1967 11 7 1
t1968 4 5 9
t1969 8 10 3
t1970 7 8 8
t1971 1 6 4
t1972 8 6 10
t1973 3 5 4
t1974 18 6 7
t1975 5 8 2
t1976 18 5 4
t1977 2 6 10
t1978 6 5 8
t1979 15 6 3
t1980 10 5 9
t1981 8 5 6
t1982 11 6 3
t1983 12 7 4
t1984 17 5 5
t1985 8 5 10
t1986 15 9 1
t1987 10 6 9
t1988 17 10 5
t1989 2 5 8
t1990 5 9 8
t1991 6 5 6
t1992 14 6 6
t1993 13 7 6
t1994 5 8 3
t1995 6 5 2
t1996 14 6 7
t1997 0 5 3
t1998 12 6 9
t1999 15 8 1